
<table style="text-align:center"><tr><td colspan="7" style="border-bottom: 1px solid black"></td></tr><tr><td style="text-align:left"></td><td>accountability</td><td>corruption</td><td>effectiveness</td><td>quality</td><td>rule_of_law</td><td>polity2</td></tr>
<tr><td colspan="7" style="border-bottom: 1px solid black"></td></tr><tr><td style="text-align:left">accountability</td><td>1</td><td>0.789</td><td>0.804</td><td>0.847</td><td>0.831</td><td>0.844</td></tr>
<tr><td style="text-align:left">corruption</td><td>0.789</td><td>1</td><td>0.936</td><td>0.876</td><td>0.954</td><td>0.455</td></tr>
<tr><td style="text-align:left">effectiveness</td><td>0.804</td><td>0.936</td><td>1</td><td>0.933</td><td>0.960</td><td>0.487</td></tr>
<tr><td style="text-align:left">quality</td><td>0.847</td><td>0.876</td><td>0.933</td><td>1</td><td>0.935</td><td>0.578</td></tr>
<tr><td style="text-align:left">rule_of_law</td><td>0.831</td><td>0.954</td><td>0.960</td><td>0.935</td><td>1</td><td>0.500</td></tr>
<tr><td style="text-align:left">polity2</td><td>0.844</td><td>0.455</td><td>0.487</td><td>0.578</td><td>0.500</td><td>1</td></tr>
<tr><td colspan="7" style="border-bottom: 1px solid black"></td></tr></table>
